3222431 33331343 42243322 11222431
2133331 33233132 23312332 11131321
3223213 23431314 24314331 33223213
1121122 21233241 22341122 11121122
1131332 51121132 23112211 21231332
2321123 31132233 41143123 21321123
1223122 21322333 21233221 21223132
1133123 12112223 13213122 31113123
1312213 23322334 32234222 21312312
3321121 32233333 32142312 13321121
3233112 33423223 13223322 13233112
2223113 22323313 21322132 32123113
2231132 13313311 23221323 22233132
1321131 33113222 31331131 22322131
3341131 23332144 22234224 13331131
3232323 21121313 11323124 22232322
2231232 23211243 23123311 12232232
1222322 33232233 23321311 32223322
1322311 33321212 33331132 31332311
3423132 23132313 22211224 13223132
1333132 32333243 21233122 33333131
2323123 42113133 33122311 21313123
2232113 33322213 23323332 12332123
1222212 33213321 32321233 21322232
1241123 33213232 43142311 31242122
2132123 23223221 23331223 22122122
1333213 22322222 31332132 13333211
3433321 11331122 22422441 13313321
1312112 13121324 32334233 23332112
2232313 33312431 31111121 22233313
1242113 21212431 33231324 11242113
1433134 43132331 32232132 21433134
3233314 43342332 22332232 13231314
1413123 33112121 12131233 22213222
2312323 12332211 32231323 32312323
1332131 32233233 13133311 21332131
2311313 21323233 22223322 32111312
3313242 22233213 32233222 21313242
2433312 31331222 31232233 22433312
3223131 11342331 33341132 13123131