3222431 33331343 42243322 11222431 333313434 32211422 43131331 34343221
2133331 33233132 23312332 11131321 332131321 33211331 33133233 13213321
3223213 23431314 24314331 33223213 332213342 33133223 21313223 31423313
1221122 21233241 22341122 11121122 212332314 12221121 12211233 24141222
1231332 51121132 23112211 21231332 312211321 21121131 33231221 13212112
2321123 31132233 41143123 21321123 313322334 12323321 12331332 23341232
1223122 21322333 21233221 21223132 223223333 22121223 13222322 33332212
1133123 12112223 13213122 31113123 121122321 12233113 12332112 22211223
1312213 23322334 32234222 21312212 233223343 22221312 21223322 33432222
3311121 32233333 32142312 13321121 322333324 31213321 12132233 33243121
3233112 33423223 13223322 13233112 331121232 32213233 11233112 12323221
2223113 22323313 21322132 32123113 223233322 13232123 21322323 33221323
2231132 13313311 23221323 22233132 433132312 32321331 13233313 21123232
1321131 33113222 31331131 22322131 213332213 13122321 13121333 22131312
3341131 23332144 22234224 13331131 233321143 22423331 13123132 12432242
3232323 21121313 11323124 22232322 211213332 12422232 32321121 31321242
2332232 23211243 23123311 12232232 232112432 31112221 23223211 24323111
1222322 33232233 23321311 32223322 332232322 33131223 32233233 23223313
1322313 33321212 33331132 31332311 333213123 13231322 31133321 31231323
3423132 23132313 22211224 13223132 231323121 22413223 13222132 31212241
1333132 32333243 21233122 33333131 323322432 12231333 13232333 24321223
2323123 42113133 33122311 21313123 421132322 31122313 12342113 23223112
2232113 33322213 23323332 12332123 333222112 33212232 11333322 21323321
1222212 33213321 32321233 21322232 332133212 23321322 23233213 32122332
1241123 33213232 43142311 31242122 333132324 31131242 12333313 23243113
2132123 33223221 23331223 22122122 232232313 22322122 12223223 22122232
1333213 22322222 31332132 13333211 323322223 13211333 21122322 21231321
3433321 11331122 22422441 13313321 213311122 44113313 32321331 11224411
3212112 13121324 32334233 23332112 134113243 23323312 11233431 32432332
2232313 33312431 31111121 22233313 233324313 12122232 31333332 43131212
3242113 21212431 33231324 11242113 213124313 32411242 11321112 43133241
3433134 43132331 32232132 21433134 331323322 11221431 13443132 33231122
3233314 43342332 22332232 13231314 433423123 23213231 31443341 31232321
1413123 33112121 12131233 22213222 331121232 23323213 12323322 12332332
2412323 12332211 32231323 32312323 123322113 32332312 32312232 21133233
1332131 32233233 13133311 21332131 222332332 31121332 13132233 23333112
2311313 21323233 22223322 32111312 313232332 32232311 31331323 23323223
3313242 22233213 32233222 21313242 222332133 22222313 24212233 21332222
2433312 31331222 31232233 22433312 313312223 21322433 31231331 22232132
3223131 11342331 33341132 13123131 311423314 13113123 13131344 33141311