21142 24313 13313 43432
21133 13313 32331 32133
13322 32131 32213 34233
22112 11221 12332 41412
12113 13323 12211 32121
32332 11233 13322 33412
12122 21322 13223 33322
23311 31233 21122 32112
22131 22132 33223 34322
21332 11213 22333 32431
21323 31123 31121 23232
23212 32132 23233 32213
32323 11323 33132 21232
12232 11312 11332 21313
42334 11312 31321 24322
42223 23232 11213 23212
11223 12322 32112 43231
13122 23223 32332 32233
23132 23113 33213 12313
41322 31322 31323 12122
23133 31323 23332 43212
12232 31234 21132 32231
21223 21133 33222 13233
32122 22323 32133 21223
13124 21233 33132 32431
32212 21232 32232 21322
21133 32112 23322 22313
11331 33212 13311 12244
32131 21123 34313 24323
12223 23132 33324 31312
41124 21132 11124 32332
22143 31344 31323 32311
21323 13144 33423 12323
32221 31232 33121 23323
33231 23231 23322 11332
12133 21313 22332 33231
23231 13133 13232 33232
22231 32421 22332 13322
32243 33123 13312 22321
11312 31313 11423 31413